              Day Sleep.Time Sleep.Perc   REM Light  Deep Bed.Time Bed.Zscore
Day          1.00      -0.11       0.09 -0.32  0.09 -0.16     0.17       0.17
Sleep.Time  -0.11       1.00       0.59  0.42  0.88  0.33    -0.73      -0.74
Sleep.Perc   0.09       0.59       1.00  0.50  0.34  0.35    -0.57      -0.57
REM         -0.32       0.42       0.50  1.00  0.09 -0.10    -0.43      -0.43
Light        0.09       0.88       0.34  0.09  1.00  0.05    -0.64      -0.64
Deep        -0.16       0.33       0.35 -0.10  0.05  1.00    -0.11      -0.10
Bed.Time     0.17      -0.73      -0.57 -0.43 -0.64 -0.11     1.00       1.00
Bed.Zscore   0.17      -0.74      -0.57 -0.43 -0.64 -0.10     1.00       1.00
Wake.Time   -0.03       0.05      -0.42 -0.16  0.08  0.15     0.57       0.57
Wake.Zscore -0.03       0.05      -0.42 -0.16  0.08  0.15     0.57       0.57
Fat.Perc    -0.33      -0.13      -0.32 -0.02 -0.08 -0.17    -0.08      -0.08
Prot.Perc    0.32       0.12       0.38  0.05  0.02  0.23     0.08       0.08
Carb.Perc    0.13       0.21      -0.15 -0.06  0.39 -0.27    -0.10      -0.10
Daily.Na     0.08      -0.21      -0.33 -0.08 -0.18 -0.10     0.25       0.26
Daily.K      0.38      -0.27       0.08 -0.14 -0.26 -0.05     0.38       0.38
Daily.Mg     0.30      -0.15       0.15 -0.16 -0.09 -0.06     0.31       0.31
Daily.Ca    -0.06       0.08       0.38  0.60 -0.16  0.05    -0.02      -0.02
Na.K        -0.38       0.20      -0.26  0.03  0.22  0.07    -0.19      -0.19
Ca.Mg       -0.22       0.08       0.32  0.54 -0.16  0.09    -0.19      -0.18
Daily.Caff  -0.13      -0.43      -0.46 -0.39 -0.37  0.07     0.59       0.59
Bed.Caff    -0.17      -0.42      -0.40 -0.21 -0.39 -0.03     0.66       0.66
Caff.Mg     -0.26      -0.37      -0.48 -0.24 -0.36  0.05     0.38       0.38
Caff.Na     -0.08      -0.28      -0.23 -0.31 -0.25  0.14     0.40       0.39
Caff.K      -0.32      -0.26      -0.39 -0.25 -0.23  0.11     0.29       0.29
RHR         -0.31       0.12       0.27  0.26 -0.17  0.47    -0.05      -0.05
HRV          0.19      -0.15       0.38  0.12 -0.22 -0.05     0.15       0.15
BR           0.23       0.02       0.02  0.23  0.00 -0.20     0.13       0.13
Deep.Perc   -0.14       0.06       0.19 -0.25 -0.19  0.96     0.12       0.12
REC1        -0.07       0.21       0.46 -0.04 -0.08  0.85     0.00       0.00
REC2        -0.04       0.00       0.33 -0.16 -0.26  0.81     0.17       0.17
REC3         0.08       0.30       0.60  0.24  0.20  0.12    -0.22      -0.23
            Wake.Time Wake.Zscore Fat.Perc Prot.Perc Carb.Perc Daily.Na Daily.K
Day             -0.03       -0.03    -0.33      0.32      0.13     0.08    0.38
Sleep.Time       0.05        0.05    -0.13      0.12      0.21    -0.21   -0.27
Sleep.Perc      -0.42       -0.42    -0.32      0.38     -0.15    -0.33    0.08
REM             -0.16       -0.16    -0.02      0.05     -0.06    -0.08   -0.14
Light            0.08        0.08    -0.08      0.02      0.39    -0.18   -0.26
Deep             0.15        0.15    -0.17      0.23     -0.27    -0.10   -0.05
Bed.Time         0.57        0.57    -0.08      0.08     -0.10     0.25    0.38
Bed.Zscore       0.57        0.57    -0.08      0.08     -0.10     0.26    0.38
Wake.Time        1.00        1.00    -0.08      0.04      0.20     0.07   -0.02
Wake.Zscore      1.00        1.00    -0.08      0.04      0.20     0.07   -0.02
Fat.Perc        -0.08       -0.08     1.00     -0.98     -0.37    -0.21   -0.55
Prot.Perc        0.04        0.04    -0.98      1.00      0.19     0.14    0.59
Carb.Perc        0.20        0.20    -0.37      0.19      1.00     0.35   -0.14
Daily.Na         0.07        0.07    -0.21      0.14      0.35     1.00    0.28
Daily.K         -0.02       -0.02    -0.55      0.59     -0.14     0.28    1.00
Daily.Mg         0.02        0.02    -0.52      0.55     -0.08     0.07    0.89
Daily.Ca        -0.04       -0.04     0.09     -0.02     -0.35    -0.02    0.01
Na.K             0.18        0.18     0.32     -0.40      0.31     0.36   -0.67
Ca.Mg           -0.18       -0.18     0.31     -0.25     -0.34    -0.06   -0.31
Daily.Caff       0.48        0.48     0.23     -0.20     -0.28    -0.35   -0.13
Bed.Caff         0.50        0.50    -0.17      0.12      0.23     0.08    0.05
Caff.Mg          0.36        0.36     0.39     -0.38     -0.20    -0.30   -0.47
Caff.Na          0.35        0.35     0.23     -0.18     -0.35    -0.58   -0.19
Caff.K           0.37        0.37     0.44     -0.44     -0.19    -0.45   -0.58
RHR              0.04        0.04    -0.09      0.15     -0.23     0.04   -0.09
HRV             -0.09       -0.09    -0.47      0.49     -0.01    -0.35    0.19
BR               0.17        0.17    -0.03     -0.02      0.23     0.38    0.23
Deep.Perc        0.17        0.17    -0.13      0.20     -0.31    -0.02    0.02
REC1             0.11        0.11    -0.45      0.51     -0.21    -0.23    0.08
REC2             0.12        0.12    -0.40      0.47     -0.24    -0.19    0.12
REC3            -0.12       -0.12    -0.51      0.54      0.05    -0.50    0.01
            Daily.Mg Daily.Ca  Na.K Ca.Mg Daily.Caff Bed.Caff Caff.Mg Caff.Na
Day             0.30    -0.06 -0.38 -0.22      -0.13    -0.17   -0.26   -0.08
Sleep.Time     -0.15     0.08  0.20  0.08      -0.43    -0.42   -0.37   -0.28
Sleep.Perc      0.15     0.38 -0.26  0.32      -0.46    -0.40   -0.48   -0.23
REM            -0.16     0.60  0.03  0.54      -0.39    -0.21   -0.24   -0.31
Light          -0.09    -0.16  0.22 -0.16      -0.37    -0.39   -0.36   -0.25
Deep           -0.06     0.05  0.07  0.09       0.07    -0.03    0.05    0.14
Bed.Time        0.31    -0.02 -0.19 -0.19       0.59     0.66    0.38    0.40
Bed.Zscore      0.31    -0.02 -0.19 -0.18       0.59     0.66    0.38    0.39
Wake.Time       0.02    -0.04  0.18 -0.18       0.48     0.50    0.36    0.35
Wake.Zscore     0.02    -0.04  0.18 -0.18       0.48     0.50    0.36    0.35
Fat.Perc       -0.52     0.09  0.32  0.31       0.23    -0.17    0.39    0.23
Prot.Perc       0.55    -0.02 -0.40 -0.25      -0.20     0.12   -0.38   -0.18
Carb.Perc      -0.08    -0.35  0.31 -0.34      -0.28     0.23   -0.20   -0.35
Daily.Na        0.07    -0.02  0.36 -0.06      -0.35     0.08   -0.30   -0.58
Daily.K         0.89     0.01 -0.67 -0.31      -0.13     0.05   -0.47   -0.19
Daily.Mg        1.00     0.06 -0.63 -0.32      -0.11     0.09   -0.51   -0.14
Daily.Ca        0.06     1.00  0.02  0.88      -0.06    -0.02   -0.08   -0.04
Na.K           -0.63     0.02  1.00  0.26      -0.15    -0.10    0.15   -0.26
Ca.Mg          -0.32     0.88  0.26  1.00      -0.06    -0.13    0.09   -0.01
Daily.Caff     -0.11    -0.06 -0.15 -0.06       1.00     0.56    0.89    0.95
Bed.Caff        0.09    -0.02 -0.10 -0.13       0.56     1.00    0.45    0.43
Caff.Mg        -0.51    -0.08  0.15  0.09       0.89     0.45    1.00    0.85
Caff.Na        -0.14    -0.04 -0.26 -0.01       0.95     0.43    0.85    1.00
Caff.K         -0.48    -0.04  0.21  0.12       0.86     0.44    0.94    0.86
RHR            -0.02     0.45  0.09  0.49      -0.08     0.05   -0.06   -0.02
HRV             0.27     0.05 -0.41 -0.09       0.17     0.24    0.08    0.25
BR              0.13     0.19  0.07  0.03      -0.21    -0.03   -0.21   -0.22
Deep.Perc      -0.03     0.01  0.03  0.05       0.21     0.12    0.17    0.23
REC1            0.12     0.03 -0.13 -0.01       0.15     0.08    0.08    0.23
REC2            0.13     0.00 -0.16 -0.03       0.27     0.19    0.19    0.31
REC3            0.17     0.01 -0.30 -0.09      -0.01     0.03   -0.06    0.13
            Caff.K   RHR   HRV    BR Deep.Perc  REC1  REC2  REC3
Day          -0.32 -0.31  0.19  0.23     -0.14 -0.07 -0.04  0.08
Sleep.Time   -0.26  0.12 -0.15  0.02      0.06  0.21  0.00  0.30
Sleep.Perc   -0.39  0.27  0.38  0.02      0.19  0.46  0.33  0.60
REM          -0.25  0.26  0.12  0.23     -0.25 -0.04 -0.16  0.24
Light        -0.23 -0.17 -0.22  0.00     -0.19 -0.08 -0.26  0.20
Deep          0.11  0.47 -0.05 -0.20      0.96  0.85  0.81  0.12
Bed.Time      0.29 -0.05  0.15  0.13      0.12  0.00  0.17 -0.22
Bed.Zscore    0.29 -0.05  0.15  0.13      0.12  0.00  0.17 -0.23
Wake.Time     0.37  0.04 -0.09  0.17      0.17  0.11  0.12 -0.12
Wake.Zscore   0.37  0.04 -0.09  0.17      0.17  0.11  0.12 -0.12
Fat.Perc      0.44 -0.09 -0.47 -0.03     -0.13 -0.45 -0.40 -0.51
Prot.Perc    -0.44  0.15  0.49 -0.02      0.20  0.51  0.47  0.54
Carb.Perc    -0.19 -0.23 -0.01  0.23     -0.31 -0.21 -0.24  0.05
Daily.Na     -0.45  0.04 -0.35  0.38     -0.02 -0.23 -0.19 -0.50
Daily.K      -0.58 -0.09  0.19  0.23      0.02  0.08  0.12  0.01
Daily.Mg     -0.48 -0.02  0.27  0.13     -0.03  0.12  0.13  0.17
Daily.Ca     -0.04  0.45  0.05  0.19      0.01  0.03  0.00  0.01
Na.K          0.21  0.09 -0.41  0.07      0.03 -0.13 -0.16 -0.30
Ca.Mg         0.12  0.49 -0.09  0.03      0.05 -0.01 -0.03 -0.09
Daily.Caff    0.86 -0.08  0.17 -0.21      0.21  0.15  0.27 -0.01
Bed.Caff      0.44  0.05  0.24 -0.03      0.12  0.08  0.19  0.03
Caff.Mg       0.94 -0.06  0.08 -0.21      0.17  0.08  0.19 -0.06
Caff.Na       0.86 -0.02  0.25 -0.22      0.23  0.23  0.31  0.13
Caff.K        1.00  0.01  0.08 -0.25      0.19  0.12  0.20 -0.01
RHR           0.01  1.00  0.00 -0.13      0.46  0.45  0.43  0.04
HRV           0.08  0.00  1.00  0.04     -0.02  0.45  0.47  0.86
BR           -0.25 -0.13  0.04  1.00     -0.19 -0.24 -0.23 -0.20
Deep.Perc     0.19  0.46 -0.02 -0.19      1.00  0.83  0.85  0.03
REC1          0.12  0.45  0.45 -0.24      0.83  1.00  0.98  0.55
REC2          0.20  0.43  0.47 -0.23      0.85  0.98  1.00  0.48
REC3         -0.01  0.04  0.86 -0.20      0.03  0.55  0.48  1.00

n= 21 


P
            Day    Sleep.Time Sleep.Perc REM    Light  Deep   Bed.Time
Day                0.6350     0.6951     0.1609 0.6934 0.4823 0.4532  
Sleep.Time  0.6350            0.0049     0.0548 0.0000 0.1419 0.0001  
Sleep.Perc  0.6951 0.0049                0.0216 0.1280 0.1191 0.0071  
REM         0.1609 0.0548     0.0216            0.6869 0.6623 0.0501  
Light       0.6934 0.0000     0.1280     0.6869        0.8352 0.0019  
Deep        0.4823 0.1419     0.1191     0.6623 0.8352        0.6504  
Bed.Time    0.4532 0.0001     0.0071     0.0501 0.0019 0.6504         
Bed.Zscore  0.4667 0.0001     0.0073     0.0521 0.0018 0.6554 0.0000  
Wake.Time   0.8952 0.8424     0.0575     0.4920 0.7291 0.5146 0.0072  
Wake.Zscore 0.8981 0.8421     0.0575     0.4914 0.7273 0.5162 0.0072  
Fat.Perc    0.1407 0.5658     0.1625     0.9450 0.7443 0.4669 0.7384  
Prot.Perc   0.1615 0.5983     0.0886     0.8174 0.9314 0.3113 0.7458  
Carb.Perc   0.5785 0.3546     0.5139     0.7809 0.0823 0.2377 0.6602  
Daily.Na    0.7329 0.3537     0.1408     0.7235 0.4314 0.6574 0.2663  
Daily.K     0.0868 0.2356     0.7180     0.5544 0.2566 0.8420 0.0859  
Daily.Mg    0.1813 0.5047     0.5077     0.4871 0.7007 0.7924 0.1667  
Daily.Ca    0.8040 0.7275     0.0926     0.0040 0.4798 0.8381 0.9314  
Na.K        0.0928 0.3757     0.2479     0.9025 0.3371 0.7499 0.4137  
Ca.Mg       0.3322 0.7285     0.1610     0.0108 0.4862 0.7048 0.4130  
Daily.Caff  0.5718 0.0500     0.0370     0.0764 0.0974 0.7524 0.0046  
Bed.Caff    0.4565 0.0552     0.0753     0.3563 0.0839 0.8950 0.0012  
Caff.Mg     0.2509 0.0975     0.0275     0.3018 0.1077 0.8191 0.0861  
Caff.Na     0.7261 0.2238     0.3206     0.1714 0.2743 0.5536 0.0760  
Caff.K      0.1597 0.2563     0.0792     0.2648 0.3210 0.6478 0.1951  
RHR         0.1700 0.6135     0.2283     0.2509 0.4711 0.0306 0.8246  
HRV         0.4159 0.5299     0.0911     0.5996 0.3462 0.8169 0.5195  
BR          0.3152 0.9372     0.9309     0.3265 0.9853 0.3828 0.5751  
Deep.Perc   0.5507 0.7897     0.4194     0.2737 0.4038 0.0000 0.6152  
REC1        0.7534 0.3691     0.0353     0.8576 0.7409 0.0000 0.9944  
REC2        0.8585 0.9875     0.1416     0.4802 0.2583 0.0000 0.4666  
REC3        0.7438 0.1805     0.0041     0.2895 0.3848 0.6005 0.3276  
            Bed.Zscore Wake.Time Wake.Zscore Fat.Perc Prot.Perc Carb.Perc
Day         0.4667     0.8952    0.8981      0.1407   0.1615    0.5785   
Sleep.Time  0.0001     0.8424    0.8421      0.5658   0.5983    0.3546   
Sleep.Perc  0.0073     0.0575    0.0575      0.1625   0.0886    0.5139   
REM         0.0521     0.4920    0.4914      0.9450   0.8174    0.7809   
Light       0.0018     0.7291    0.7273      0.7443   0.9314    0.0823   
Deep        0.6554     0.5146    0.5162      0.4669   0.3113    0.2377   
Bed.Time    0.0000     0.0072    0.0072      0.7384   0.7458    0.6602   
Bed.Zscore             0.0072    0.0072      0.7392   0.7451    0.6531   
Wake.Time   0.0072               0.0000      0.7285   0.8750    0.3908   
Wake.Zscore 0.0072     0.0000                0.7290   0.8751    0.3927   
Fat.Perc    0.7392     0.7285    0.7290               0.0000    0.1034   
Prot.Perc   0.7451     0.8750    0.8751      0.0000             0.4100   
Carb.Perc   0.6531     0.3908    0.3927      0.1034   0.4100             
Daily.Na    0.2639     0.7570    0.7612      0.3701   0.5322    0.1209   
Daily.K     0.0859     0.9194    0.9191      0.0105   0.0048    0.5577   
Daily.Mg    0.1674     0.9163    0.9151      0.0164   0.0095    0.7209   
Daily.Ca    0.9421     0.8516    0.8520      0.7095   0.9360    0.1196   
Na.K        0.4164     0.4413    0.4433      0.1516   0.0690    0.1647   
Ca.Mg       0.4223     0.4440    0.4431      0.1748   0.2680    0.1329   
Daily.Caff  0.0046     0.0295    0.0294      0.3192   0.3894    0.2106   
Bed.Caff    0.0012     0.0206    0.0205      0.4660   0.6144    0.3233   
Caff.Mg     0.0865     0.1053    0.1053      0.0785   0.0895    0.3855   
Caff.Na     0.0770     0.1176    0.1170      0.3112   0.4221    0.1228   
Caff.K      0.1958     0.0966    0.0963      0.0445   0.0487    0.4028   
RHR         0.8377     0.8534    0.8570      0.7062   0.5299    0.3105   
HRV         0.5212     0.6909    0.6909      0.0323   0.0242    0.9756   
BR          0.5774     0.4656    0.4692      0.8860   0.9256    0.3198   
Deep.Perc   0.6102     0.4640    0.4660      0.5606   0.3903    0.1722   
REC1        0.9907     0.6254    0.6271      0.0430   0.0174    0.3718   
REC2        0.4640     0.5978    0.5997      0.0708   0.0322    0.2924   
REC3        0.3264     0.6086    0.6098      0.0180   0.0121    0.8167   
            Daily.Na Daily.K Daily.Mg Daily.Ca Na.K   Ca.Mg  Daily.Caff
Day         0.7329   0.0868  0.1813   0.8040   0.0928 0.3322 0.5718    
Sleep.Time  0.3537   0.2356  0.5047   0.7275   0.3757 0.7285 0.0500    
Sleep.Perc  0.1408   0.7180  0.5077   0.0926   0.2479 0.1610 0.0370    
REM         0.7235   0.5544  0.4871   0.0040   0.9025 0.0108 0.0764    
Light       0.4314   0.2566  0.7007   0.4798   0.3371 0.4862 0.0974    
Deep        0.6574   0.8420  0.7924   0.8381   0.7499 0.7048 0.7524    
Bed.Time    0.2663   0.0859  0.1667   0.9314   0.4137 0.4130 0.0046    
Bed.Zscore  0.2639   0.0859  0.1674   0.9421   0.4164 0.4223 0.0046    
Wake.Time   0.7570   0.9194  0.9163   0.8516   0.4413 0.4440 0.0295    
Wake.Zscore 0.7612   0.9191  0.9151   0.8520   0.4433 0.4431 0.0294    
Fat.Perc    0.3701   0.0105  0.0164   0.7095   0.1516 0.1748 0.3192    
Prot.Perc   0.5322   0.0048  0.0095   0.9360   0.0690 0.2680 0.3894    
Carb.Perc   0.1209   0.5577  0.7209   0.1196   0.1647 0.1329 0.2106    
Daily.Na             0.2146  0.7513   0.9408   0.1129 0.7944 0.1227    
Daily.K     0.2146           0.0000   0.9746   0.0008 0.1713 0.5683    
Daily.Mg    0.7513   0.0000           0.8101   0.0022 0.1623 0.6370    
Daily.Ca    0.9408   0.9746  0.8101            0.9379 0.0000 0.7799    
Na.K        0.1129   0.0008  0.0022   0.9379          0.2467 0.5296    
Ca.Mg       0.7944   0.1713  0.1623   0.0000   0.2467        0.8054    
Daily.Caff  0.1227   0.5683  0.6370   0.7799   0.5296 0.8054           
Bed.Caff    0.7286   0.8452  0.7123   0.9310   0.6807 0.5700 0.0084    
Caff.Mg     0.1841   0.0322  0.0185   0.7296   0.5296 0.7022 0.0000    
Caff.Na     0.0064   0.4139  0.5556   0.8734   0.2468 0.9749 0.0000    
Caff.K      0.0395   0.0063  0.0291   0.8611   0.3525 0.6114 0.0000    
RHR         0.8669   0.6957  0.9167   0.0395   0.6990 0.0245 0.7447    
HRV         0.1175   0.4186  0.2352   0.8150   0.0684 0.7108 0.4613    
BR          0.0855   0.3084  0.5685   0.4198   0.7726 0.8971 0.3562    
Deep.Perc   0.9224   0.9144  0.9075   0.9781   0.8876 0.8234 0.3662    
REC1        0.3084   0.7431  0.6041   0.8842   0.5752 0.9742 0.5107    
REC2        0.4128   0.6168  0.5771   0.9989   0.4850 0.8998 0.2443    
REC3        0.0217   0.9501  0.4730   0.9722   0.1811 0.6989 0.9745    
            Bed.Caff Caff.Mg Caff.Na Caff.K RHR    HRV    BR     Deep.Perc
Day         0.4565   0.2509  0.7261  0.1597 0.1700 0.4159 0.3152 0.5507   
Sleep.Time  0.0552   0.0975  0.2238  0.2563 0.6135 0.5299 0.9372 0.7897   
Sleep.Perc  0.0753   0.0275  0.3206  0.0792 0.2283 0.0911 0.9309 0.4194   
REM         0.3563   0.3018  0.1714  0.2648 0.2509 0.5996 0.3265 0.2737   
Light       0.0839   0.1077  0.2743  0.3210 0.4711 0.3462 0.9853 0.4038   
Deep        0.8950   0.8191  0.5536  0.6478 0.0306 0.8169 0.3828 0.0000   
Bed.Time    0.0012   0.0861  0.0760  0.1951 0.8246 0.5195 0.5751 0.6152   
Bed.Zscore  0.0012   0.0865  0.0770  0.1958 0.8377 0.5212 0.5774 0.6102   
Wake.Time   0.0206   0.1053  0.1176  0.0966 0.8534 0.6909 0.4656 0.4640   
Wake.Zscore 0.0205   0.1053  0.1170  0.0963 0.8570 0.6909 0.4692 0.4660   
Fat.Perc    0.4660   0.0785  0.3112  0.0445 0.7062 0.0323 0.8860 0.5606   
Prot.Perc   0.6144   0.0895  0.4221  0.0487 0.5299 0.0242 0.9256 0.3903   
Carb.Perc   0.3233   0.3855  0.1228  0.4028 0.3105 0.9756 0.3198 0.1722   
Daily.Na    0.7286   0.1841  0.0064  0.0395 0.8669 0.1175 0.0855 0.9224   
Daily.K     0.8452   0.0322  0.4139  0.0063 0.6957 0.4186 0.3084 0.9144   
Daily.Mg    0.7123   0.0185  0.5556  0.0291 0.9167 0.2352 0.5685 0.9075   
Daily.Ca    0.9310   0.7296  0.8734  0.8611 0.0395 0.8150 0.4198 0.9781   
Na.K        0.6807   0.5296  0.2468  0.3525 0.6990 0.0684 0.7726 0.8876   
Ca.Mg       0.5700   0.7022  0.9749  0.6114 0.0245 0.7108 0.8971 0.8234   
Daily.Caff  0.0084   0.0000  0.0000  0.0000 0.7447 0.4613 0.3562 0.3662   
Bed.Caff             0.0404  0.0493  0.0470 0.8261 0.2976 0.8871 0.6057   
Caff.Mg     0.0404           0.0000  0.0000 0.7983 0.7282 0.3601 0.4599   
Caff.Na     0.0493   0.0000          0.0000 0.9418 0.2763 0.3292 0.3233   
Caff.K      0.0470   0.0000  0.0000         0.9754 0.7185 0.2817 0.4044   
RHR         0.8261   0.7983  0.9418  0.9754        0.9949 0.5883 0.0353   
HRV         0.2976   0.7282  0.2763  0.7185 0.9949        0.8625 0.9340   
BR          0.8871   0.3601  0.3292  0.2817 0.5883 0.8625        0.4176   
Deep.Perc   0.6057   0.4599  0.3233  0.4044 0.0353 0.9340 0.4176          
REC1        0.7144   0.7221  0.3232  0.5947 0.0399 0.0416 0.3026 0.0000   
REC2        0.4002   0.4136  0.1715  0.3748 0.0529 0.0309 0.3057 0.0000   
REC3        0.8937   0.7807  0.5780  0.9687 0.8747 0.0000 0.3733 0.9035   
            REC1   REC2   REC3  
Day         0.7534 0.8585 0.7438
Sleep.Time  0.3691 0.9875 0.1805
Sleep.Perc  0.0353 0.1416 0.0041
REM         0.8576 0.4802 0.2895
Light       0.7409 0.2583 0.3848
Deep        0.0000 0.0000 0.6005
Bed.Time    0.9944 0.4666 0.3276
Bed.Zscore  0.9907 0.4640 0.3264
Wake.Time   0.6254 0.5978 0.6086
Wake.Zscore 0.6271 0.5997 0.6098
Fat.Perc    0.0430 0.0708 0.0180
Prot.Perc   0.0174 0.0322 0.0121
Carb.Perc   0.3718 0.2924 0.8167
Daily.Na    0.3084 0.4128 0.0217
Daily.K     0.7431 0.6168 0.9501
Daily.Mg    0.6041 0.5771 0.4730
Daily.Ca    0.8842 0.9989 0.9722
Na.K        0.5752 0.4850 0.1811
Ca.Mg       0.9742 0.8998 0.6989
Daily.Caff  0.5107 0.2443 0.9745
Bed.Caff    0.7144 0.4002 0.8937
Caff.Mg     0.7221 0.4136 0.7807
Caff.Na     0.3232 0.1715 0.5780
Caff.K      0.5947 0.3748 0.9687
RHR         0.0399 0.0529 0.8747
HRV         0.0416 0.0309 0.0000
BR          0.3026 0.3057 0.3733
Deep.Perc   0.0000 0.0000 0.9035
REC1               0.0000 0.0097
REC2        0.0000        0.0290
REC3        0.0097 0.0290       
png 
  3 
X11cairo 
       2 
null device 
          1 
png 
  3 
X11cairo 
       2 
null device 
          1 
png 
  3 
X11cairo 
       2 
null device 
          1 
