                     RHR Sleep.Rtn Sleep Soreness Fatigue Stress  Mood   AWQ
RHR                 1.00     -0.24 -0.22    -0.28   -0.08  -0.18 -0.21 -0.21
Sleep.Rtn          -0.24      1.00  0.53    -0.26   -0.08   0.56  0.51  0.70
Sleep              -0.22      0.53  1.00    -0.24    0.42   0.49  0.14  0.54
Soreness           -0.28     -0.26 -0.24     1.00   -0.04  -0.31 -0.18  0.03
Fatigue            -0.08     -0.08  0.42    -0.04    1.00   0.32  0.18  0.13
Stress             -0.18      0.56  0.49    -0.31    0.32   1.00  0.45  0.50
Mood               -0.21      0.51  0.14    -0.18    0.18   0.45  1.00  0.51
AWQ                -0.21      0.70  0.54     0.03    0.13   0.50  0.51  1.00
Cold.Time           0.13     -0.02  0.05    -0.24    0.27   0.04  0.15  0.20
Training.Load       0.47      0.40  0.05    -0.64   -0.12   0.18  0.19  0.16
Training.Time       0.41      0.54  0.15    -0.64   -0.06   0.29  0.30  0.27
Training.Intensity  0.41     -0.29 -0.09    -0.19   -0.15  -0.28 -0.48 -0.19
Perc.Work          -0.17      0.67  0.34    -0.09    0.18   0.63  0.69  0.71
Perc.Rest           0.17     -0.67 -0.34     0.09   -0.18  -0.63 -0.69 -0.71
Day.Total          -0.17      0.96  0.47    -0.33   -0.08   0.57  0.57  0.64
Day.Work           -0.17      0.97  0.48    -0.32   -0.08   0.58  0.58  0.65
O6                  0.14     -0.53 -0.17     0.26    0.13  -0.16 -0.09 -0.16
O3                 -0.11      0.11  0.25    -0.03    0.08  -0.10  0.17  0.25
O6.O3               0.19     -0.38 -0.42     0.18   -0.08  -0.27 -0.24 -0.30
VitD                0.18      0.16  0.09    -0.31    0.11  -0.04  0.12 -0.05
Se.ug               0.27     -0.48 -0.31     0.09    0.18  -0.36 -0.33 -0.50
Zn.mg               0.18     -0.46 -0.31     0.25    0.01  -0.54 -0.40 -0.34
Na.mg               0.18      0.03  0.30    -0.53    0.29   0.15 -0.08  0.12
Ca.mg               0.09      0.10  0.07    -0.31    0.08  -0.01  0.27  0.18
Mg.mg               0.05     -0.14 -0.13     0.05    0.03  -0.16  0.15 -0.19
K.mg                0.02     -0.19 -0.16     0.05    0.08  -0.12  0.11 -0.26
Elec.Net            0.17     -0.08  0.13    -0.45    0.29   0.02  0.09 -0.04
Na.K                0.10      0.09  0.16    -0.21    0.06   0.19 -0.06  0.03
IGF.1               0.35     -0.23 -0.24     0.01    0.01  -0.35 -0.17 -0.28
MAP                -0.36      0.20  0.04     0.08    0.07   0.08  0.37  0.04
CVL                 0.87     -0.15 -0.22    -0.26   -0.05  -0.14 -0.03 -0.20
Caff.Dose          -0.09     -0.49 -0.32     0.11    0.23  -0.37 -0.02 -0.40
Caff.Time          -0.33     -0.31 -0.16    -0.06    0.06  -0.08 -0.13 -0.47
Caff.Ratio         -0.05     -0.25 -0.22     0.11    0.17  -0.37  0.14 -0.07
Kb.Load            -0.37      0.43  0.26     0.02    0.09   0.28  0.51  0.48
Kb.Time             0.02     -0.50 -0.08     0.32   -0.04  -0.35 -0.41 -0.08
Kb.Weight          -0.23      0.18  0.22     0.14    0.05   0.10  0.23  0.45
Protein             0.15     -0.47 -0.18    -0.16    0.15  -0.23 -0.14 -0.55
Fat                 0.01      0.42  0.32    -0.05    0.16   0.22  0.44  0.36
Fat.Protein        -0.22      0.46  0.23     0.09    0.00   0.27  0.41  0.49
Blood.Sugar        -0.03      0.13  0.34    -0.28    0.00   0.27 -0.12  0.07
Ketones            -0.24      0.71  0.33     0.00   -0.30   0.20  0.18  0.38
Fasted             -0.19      0.84  0.48    -0.34    0.17   0.76  0.66  0.64
                   Cold.Time Training.Load Training.Time Training.Intensity
RHR                     0.13          0.47          0.41               0.41
Sleep.Rtn              -0.02          0.40          0.54              -0.29
Sleep                   0.05          0.05          0.15              -0.09
Soreness               -0.24         -0.64         -0.64              -0.19
Fatigue                 0.27         -0.12         -0.06              -0.15
Stress                  0.04          0.18          0.29              -0.28
Mood                    0.15          0.19          0.30              -0.48
AWQ                     0.20          0.16          0.27              -0.19
Cold.Time               1.00          0.10          0.13              -0.07
Training.Load           0.10          1.00          0.95               0.43
Training.Time           0.13          0.95          1.00               0.18
Training.Intensity     -0.07          0.43          0.18               1.00
Perc.Work               0.10          0.29          0.40              -0.31
Perc.Rest              -0.10         -0.29         -0.40               0.31
Day.Total               0.05          0.44          0.60              -0.36
Day.Work                0.05          0.44          0.60              -0.35
O6                     -0.17         -0.25         -0.32               0.24
O3                      0.24          0.16          0.11               0.04
O6.O3                  -0.26          0.00         -0.07               0.28
VitD                    0.08          0.18          0.29              -0.05
Se.ug                  -0.07         -0.09         -0.18               0.09
Zn.mg                  -0.01         -0.28         -0.35               0.16
Na.mg                   0.17          0.42          0.40               0.40
Ca.mg                   0.32          0.46          0.33               0.22
Mg.mg                   0.01         -0.06         -0.15              -0.14
K.mg                    0.03         -0.13         -0.19              -0.18
Elec.Net                0.23          0.36          0.26               0.24
Na.K                    0.00          0.33          0.39               0.17
IGF.1                   0.04          0.02         -0.11               0.15
MAP                     0.03         -0.13         -0.02              -0.50
CVL                     0.16          0.43          0.43               0.16
Caff.Dose               0.26         -0.14         -0.23               0.08
Caff.Time              -0.04         -0.35         -0.39              -0.13
Caff.Ratio              0.34         -0.07         -0.12               0.02
Kb.Load                 0.32         -0.15         -0.10              -0.29
Kb.Time                -0.04         -0.39         -0.56               0.50
Kb.Weight               0.21         -0.19         -0.22               0.08
Protein                -0.01         -0.04         -0.14               0.08
Fat                     0.11          0.11          0.24              -0.32
Fat.Protein             0.02          0.02          0.15              -0.27
Blood.Sugar            -0.20          0.22          0.19               0.17
Ketones                -0.20          0.31          0.32              -0.01
Fasted                  0.11          0.39          0.51              -0.30
                   Perc.Work Perc.Rest Day.Total Day.Work    O6    O3 O6.O3
RHR                    -0.17      0.17     -0.17    -0.17  0.14 -0.11  0.19
Sleep.Rtn               0.67     -0.67      0.96     0.97 -0.53  0.11 -0.38
Sleep                   0.34     -0.34      0.47     0.48 -0.17  0.25 -0.42
Soreness               -0.09      0.09     -0.33    -0.32  0.26 -0.03  0.18
Fatigue                 0.18     -0.18     -0.08    -0.08  0.13  0.08 -0.08
Stress                  0.63     -0.63      0.57     0.58 -0.16 -0.10 -0.27
Mood                    0.69     -0.69      0.57     0.58 -0.09  0.17 -0.24
AWQ                     0.71     -0.71      0.64     0.65 -0.16  0.25 -0.30
Cold.Time               0.10     -0.10      0.05     0.05 -0.17  0.24 -0.26
Training.Load           0.29     -0.29      0.44     0.44 -0.25  0.16  0.00
Training.Time           0.40     -0.40      0.60     0.60 -0.32  0.11 -0.07
Training.Intensity     -0.31      0.31     -0.36    -0.35  0.24  0.04  0.28
Perc.Work               1.00     -1.00      0.68     0.70 -0.11 -0.01 -0.11
Perc.Rest              -1.00      1.00     -0.68    -0.70  0.11  0.01  0.11
Day.Total               0.68     -0.68      1.00     1.00 -0.47  0.07 -0.34
Day.Work                0.70     -0.70      1.00     1.00 -0.46  0.07 -0.34
O6                     -0.11      0.11     -0.47    -0.46  1.00 -0.19  0.49
O3                     -0.01      0.01      0.07     0.07 -0.19  1.00 -0.59
O6.O3                  -0.11      0.11     -0.34    -0.34  0.49 -0.59  1.00
VitD                    0.07     -0.07      0.19     0.19 -0.08 -0.09  0.11
Se.ug                  -0.40      0.40     -0.40    -0.41  0.21 -0.17  0.25
Zn.mg                  -0.54      0.54     -0.48    -0.49  0.16  0.07  0.09
Na.mg                   0.04     -0.04      0.03     0.04  0.03  0.32 -0.06
Ca.mg                   0.09     -0.09      0.08     0.09 -0.28  0.77 -0.35
Mg.mg                  -0.06      0.06     -0.14    -0.14 -0.16  0.25 -0.19
K.mg                   -0.11      0.11     -0.18    -0.18 -0.15  0.16 -0.19
Elec.Net               -0.02      0.02     -0.07    -0.07 -0.15  0.56 -0.28
Na.K                    0.11     -0.11      0.15     0.15  0.23 -0.12  0.19
IGF.1                  -0.28      0.28     -0.21    -0.21 -0.08  0.14 -0.07
MAP                     0.11     -0.11      0.31     0.29  0.03  0.05 -0.25
CVL                    -0.13      0.13     -0.02    -0.03  0.15 -0.10  0.07
Caff.Dose              -0.38      0.38     -0.42    -0.44  0.30  0.18  0.26
Caff.Time              -0.34      0.34     -0.29    -0.30  0.10 -0.01  0.14
Caff.Ratio             -0.18      0.18     -0.20    -0.21  0.17  0.17  0.12
Kb.Load                 0.46     -0.46      0.44     0.45 -0.05  0.22 -0.29
Kb.Time                -0.28      0.28     -0.62    -0.60  0.39  0.08  0.15
Kb.Weight               0.34     -0.34      0.12     0.15  0.17  0.21 -0.11
Protein                -0.40      0.40     -0.41    -0.43 -0.12  0.05  0.00
Fat                     0.23     -0.23      0.52     0.51  0.08  0.12 -0.23
Fat.Protein             0.38     -0.38      0.50     0.50  0.30  0.00 -0.06
Blood.Sugar             0.05     -0.05      0.09     0.09 -0.14  0.20 -0.36
Ketones                 0.32     -0.32      0.67     0.67 -0.22  0.16 -0.29
Fasted                  0.69     -0.69      0.83     0.83 -0.32  0.09 -0.34
                    VitD Se.ug Zn.mg Na.mg Ca.mg Mg.mg  K.mg Elec.Net  Na.K
RHR                 0.18  0.27  0.18  0.18  0.09  0.05  0.02     0.17  0.10
Sleep.Rtn           0.16 -0.48 -0.46  0.03  0.10 -0.14 -0.19    -0.08  0.09
Sleep               0.09 -0.31 -0.31  0.30  0.07 -0.13 -0.16     0.13  0.16
Soreness           -0.31  0.09  0.25 -0.53 -0.31  0.05  0.05    -0.45 -0.21
Fatigue             0.11  0.18  0.01  0.29  0.08  0.03  0.08     0.29  0.06
Stress             -0.04 -0.36 -0.54  0.15 -0.01 -0.16 -0.12     0.02  0.19
Mood                0.12 -0.33 -0.40 -0.08  0.27  0.15  0.11     0.09 -0.06
AWQ                -0.05 -0.50 -0.34  0.12  0.18 -0.19 -0.26    -0.04  0.03
Cold.Time           0.08 -0.07 -0.01  0.17  0.32  0.01  0.03     0.23  0.00
Training.Load       0.18 -0.09 -0.28  0.42  0.46 -0.06 -0.13     0.36  0.33
Training.Time       0.29 -0.18 -0.35  0.40  0.33 -0.15 -0.19     0.26  0.39
Training.Intensity -0.05  0.09  0.16  0.40  0.22 -0.14 -0.18     0.24  0.17
Perc.Work           0.07 -0.40 -0.54  0.04  0.09 -0.06 -0.11    -0.02  0.11
Perc.Rest          -0.07  0.40  0.54 -0.04 -0.09  0.06  0.11     0.02 -0.11
Day.Total           0.19 -0.40 -0.48  0.03  0.08 -0.14 -0.18    -0.07  0.15
Day.Work            0.19 -0.41 -0.49  0.04  0.09 -0.14 -0.18    -0.07  0.15
O6                 -0.08  0.21  0.16  0.03 -0.28 -0.16 -0.15    -0.15  0.23
O3                 -0.09 -0.17  0.07  0.32  0.77  0.25  0.16     0.56 -0.12
O6.O3               0.11  0.25  0.09 -0.06 -0.35 -0.19 -0.19    -0.28  0.19
VitD                1.00 -0.10 -0.07  0.29 -0.19 -0.20 -0.21     0.03  0.17
Se.ug              -0.10  1.00  0.49 -0.08 -0.03  0.28  0.37     0.18 -0.16
Zn.mg              -0.07  0.49  1.00 -0.13 -0.11  0.17  0.32     0.09 -0.38
Na.mg               0.29 -0.08 -0.13  1.00  0.36 -0.33 -0.36     0.59  0.44
Ca.mg              -0.19 -0.03 -0.11  0.36  1.00  0.45  0.32     0.76 -0.21
Mg.mg              -0.20  0.28  0.17 -0.33  0.45  1.00  0.95     0.53 -0.64
K.mg               -0.21  0.37  0.32 -0.36  0.32  0.95  1.00     0.50 -0.68
Elec.Net            0.03  0.18  0.09  0.59  0.76  0.53  0.50     1.00 -0.19
Na.K                0.17 -0.16 -0.38  0.44 -0.21 -0.64 -0.68    -0.19  1.00
IGF.1              -0.01  0.78  0.46  0.03  0.31  0.66  0.70     0.48 -0.44
MAP                 0.10  0.09 -0.10 -0.32 -0.21 -0.07  0.03    -0.28  0.05
CVL                 0.25  0.35  0.14  0.03 -0.02  0.01  0.03     0.03  0.14
Caff.Dose           0.04  0.24  0.10  0.04  0.23  0.05  0.03     0.11  0.12
Caff.Time           0.01  0.06  0.12 -0.02  0.02  0.13  0.20     0.12 -0.17
Caff.Ratio          0.16  0.21  0.02  0.03  0.18 -0.04 -0.09     0.01  0.10
Kb.Load             0.19 -0.26 -0.23 -0.05  0.14 -0.04 -0.10    -0.06 -0.22
Kb.Time            -0.08  0.00  0.30  0.02  0.00  0.06  0.01     0.03 -0.31
Kb.Weight           0.17 -0.34 -0.12  0.07  0.09 -0.15 -0.24    -0.08 -0.19
Protein            -0.28  0.51  0.43 -0.11  0.25  0.57  0.67     0.44 -0.35
Fat                 0.21 -0.09 -0.07 -0.09 -0.07 -0.10 -0.12    -0.17  0.20
Fat.Protein         0.26 -0.39 -0.35 -0.01 -0.25 -0.44 -0.49    -0.41  0.36
Blood.Sugar        -0.13  0.10 -0.02  0.29  0.16  0.21  0.23     0.42  0.18
Ketones            -0.04 -0.31 -0.33 -0.16  0.05 -0.21 -0.29    -0.31  0.18
Fasted              0.10 -0.40 -0.48  0.07  0.17 -0.16 -0.17    -0.02  0.14
                   IGF.1   MAP   CVL Caff.Dose Caff.Time Caff.Ratio Kb.Load
RHR                 0.35 -0.36  0.87     -0.09     -0.33      -0.05   -0.37
Sleep.Rtn          -0.23  0.20 -0.15     -0.49     -0.31      -0.25    0.43
Sleep              -0.24  0.04 -0.22     -0.32     -0.16      -0.22    0.26
Soreness            0.01  0.08 -0.26      0.11     -0.06       0.11    0.02
Fatigue             0.01  0.07 -0.05      0.23      0.06       0.17    0.09
Stress             -0.35  0.08 -0.14     -0.37     -0.08      -0.37    0.28
Mood               -0.17  0.37 -0.03     -0.02     -0.13       0.14    0.51
AWQ                -0.28  0.04 -0.20     -0.40     -0.47      -0.07    0.48
Cold.Time           0.04  0.03  0.16      0.26     -0.04       0.34    0.32
Training.Load       0.02 -0.13  0.43     -0.14     -0.35      -0.07   -0.15
Training.Time      -0.11 -0.02  0.43     -0.23     -0.39      -0.12   -0.10
Training.Intensity  0.15 -0.50  0.16      0.08     -0.13       0.02   -0.29
Perc.Work          -0.28  0.11 -0.13     -0.38     -0.34      -0.18    0.46
Perc.Rest           0.28 -0.11  0.13      0.38      0.34       0.18   -0.46
Day.Total          -0.21  0.31 -0.02     -0.42     -0.29      -0.20    0.44
Day.Work           -0.21  0.29 -0.03     -0.44     -0.30      -0.21    0.45
O6                 -0.08  0.03  0.15      0.30      0.10       0.17   -0.05
O3                  0.14  0.05 -0.10      0.18     -0.01       0.17    0.22
O6.O3              -0.07 -0.25  0.07      0.26      0.14       0.12   -0.29
VitD               -0.01  0.10  0.25      0.04      0.01       0.16    0.19
Se.ug               0.78  0.09  0.35      0.24      0.06       0.21   -0.26
Zn.mg               0.46 -0.10  0.14      0.10      0.12       0.02   -0.23
Na.mg               0.03 -0.32  0.03      0.04     -0.02       0.03   -0.05
Ca.mg               0.31 -0.21 -0.02      0.23      0.02       0.18    0.14
Mg.mg               0.66 -0.07  0.01      0.05      0.13      -0.04   -0.04
K.mg                0.70  0.03  0.03      0.03      0.20      -0.09   -0.10
Elec.Net            0.48 -0.28  0.03      0.11      0.12       0.01   -0.06
Na.K               -0.44  0.05  0.14      0.12     -0.17       0.10   -0.22
IGF.1               1.00 -0.15  0.30      0.09      0.17       0.08   -0.04
MAP                -0.15  1.00  0.13      0.10      0.02       0.23    0.25
CVL                 0.30  0.13  1.00     -0.05     -0.34       0.07   -0.26
Caff.Dose           0.09  0.10 -0.05      1.00      0.57       0.79    0.04
Caff.Time           0.17  0.02 -0.34      0.57      1.00       0.15    0.01
Caff.Ratio          0.08  0.23  0.07      0.79      0.15       1.00    0.21
Kb.Load            -0.04  0.25 -0.26      0.04      0.01       0.21    1.00
Kb.Time             0.14 -0.40 -0.21      0.06      0.05       0.04    0.14
Kb.Weight          -0.10 -0.05 -0.28     -0.01     -0.09       0.15    0.85
Protein             0.48 -0.13  0.10      0.26      0.30       0.06   -0.44
Fat                -0.17  0.43  0.24      0.13     -0.14       0.26    0.42
Fat.Protein        -0.43  0.45  0.00      0.01     -0.16       0.16    0.53
Blood.Sugar         0.09 -0.12 -0.09     -0.42     -0.22      -0.43   -0.33
Ketones            -0.18  0.29 -0.12     -0.26     -0.23      -0.15    0.38
Fasted             -0.20  0.24 -0.08     -0.29     -0.14      -0.16    0.43
                   Kb.Time Kb.Weight Protein   Fat Fat.Protein Blood.Sugar
RHR                   0.02     -0.23    0.15  0.01       -0.22       -0.03
Sleep.Rtn            -0.50      0.18   -0.47  0.42        0.46        0.13
Sleep                -0.08      0.22   -0.18  0.32        0.23        0.34
Soreness              0.32      0.14   -0.16 -0.05        0.09       -0.28
Fatigue              -0.04      0.05    0.15  0.16        0.00        0.00
Stress               -0.35      0.10   -0.23  0.22        0.27        0.27
Mood                 -0.41      0.23   -0.14  0.44        0.41       -0.12
AWQ                  -0.08      0.45   -0.55  0.36        0.49        0.07
Cold.Time            -0.04      0.21   -0.01  0.11        0.02       -0.20
Training.Load        -0.39     -0.19   -0.04  0.11        0.02        0.22
Training.Time        -0.56     -0.22   -0.14  0.24        0.15        0.19
Training.Intensity    0.50      0.08    0.08 -0.32       -0.27        0.17
Perc.Work            -0.28      0.34   -0.40  0.23        0.38        0.05
Perc.Rest             0.28     -0.34    0.40 -0.23       -0.38       -0.05
Day.Total            -0.62      0.12   -0.41  0.52        0.50        0.09
Day.Work             -0.60      0.15   -0.43  0.51        0.50        0.09
O6                    0.39      0.17   -0.12  0.08        0.30       -0.14
O3                    0.08      0.21    0.05  0.12        0.00        0.20
O6.O3                 0.15     -0.11    0.00 -0.23       -0.06       -0.36
VitD                 -0.08      0.17   -0.28  0.21        0.26       -0.13
Se.ug                 0.00     -0.34    0.51 -0.09       -0.39        0.10
Zn.mg                 0.30     -0.12    0.43 -0.07       -0.35       -0.02
Na.mg                 0.02      0.07   -0.11 -0.09       -0.01        0.29
Ca.mg                 0.00      0.09    0.25 -0.07       -0.25        0.16
Mg.mg                 0.06     -0.15    0.57 -0.10       -0.44        0.21
K.mg                  0.01     -0.24    0.67 -0.12       -0.49        0.23
Elec.Net              0.03     -0.08    0.44 -0.17       -0.41        0.42
Na.K                 -0.31     -0.19   -0.35  0.20        0.36        0.18
IGF.1                 0.14     -0.10    0.48 -0.17       -0.43        0.09
MAP                  -0.40     -0.05   -0.13  0.43        0.45       -0.12
CVL                  -0.21     -0.28    0.10  0.24        0.00       -0.09
Caff.Dose             0.06     -0.01    0.26  0.13        0.01       -0.42
Caff.Time             0.05     -0.09    0.30 -0.14       -0.16       -0.22
Caff.Ratio            0.04      0.15    0.06  0.26        0.16       -0.43
Kb.Load               0.14      0.85   -0.44  0.42        0.53       -0.33
Kb.Time               1.00      0.58   -0.02 -0.38       -0.21       -0.08
Kb.Weight             0.58      1.00   -0.48  0.18        0.40       -0.32
Protein              -0.02     -0.48    1.00 -0.24       -0.79        0.22
Fat                  -0.38      0.18   -0.24  1.00        0.71       -0.15
Fat.Protein          -0.21      0.40   -0.79  0.71        1.00       -0.27
Blood.Sugar          -0.08     -0.32    0.22 -0.15       -0.27        1.00
Ketones              -0.26      0.24   -0.52  0.40        0.55        0.00
Fasted               -0.55      0.13   -0.38  0.43        0.47        0.09
                   Ketones Fasted
RHR                  -0.24  -0.19
Sleep.Rtn             0.71   0.84
Sleep                 0.33   0.48
Soreness              0.00  -0.34
Fatigue              -0.30   0.17
Stress                0.20   0.76
Mood                  0.18   0.66
AWQ                   0.38   0.64
Cold.Time            -0.20   0.11
Training.Load         0.31   0.39
Training.Time         0.32   0.51
Training.Intensity   -0.01  -0.30
Perc.Work             0.32   0.69
Perc.Rest            -0.32  -0.69
Day.Total             0.67   0.83
Day.Work              0.67   0.83
O6                   -0.22  -0.32
O3                    0.16   0.09
O6.O3                -0.29  -0.34
VitD                 -0.04   0.10
Se.ug                -0.31  -0.40
Zn.mg                -0.33  -0.48
Na.mg                -0.16   0.07
Ca.mg                 0.05   0.17
Mg.mg                -0.21  -0.16
K.mg                 -0.29  -0.17
Elec.Net             -0.31  -0.02
Na.K                  0.18   0.14
IGF.1                -0.18  -0.20
MAP                   0.29   0.24
CVL                  -0.12  -0.08
Caff.Dose            -0.26  -0.29
Caff.Time            -0.23  -0.14
Caff.Ratio           -0.15  -0.16
Kb.Load               0.38   0.43
Kb.Time              -0.26  -0.55
Kb.Weight             0.24   0.13
Protein              -0.52  -0.38
Fat                   0.40   0.43
Fat.Protein           0.55   0.47
Blood.Sugar           0.00   0.09
Ketones               1.00   0.56
Fasted                0.56   1.00

n
                   RHR Sleep.Rtn Sleep Soreness Fatigue Stress Mood AWQ
RHR                 31        31    31       31      31     31   31  31
Sleep.Rtn           31        31    31       31      31     31   31  31
Sleep               31        31    31       31      31     31   31  31
Soreness            31        31    31       31      31     31   31  31
Fatigue             31        31    31       31      31     31   31  31
Stress              31        31    31       31      31     31   31  31
Mood                31        31    31       31      31     31   31  31
AWQ                 31        31    31       31      31     31   31  31
Cold.Time           31        31    31       31      31     31   31  31
Training.Load       31        31    31       31      31     31   31  31
Training.Time       31        31    31       31      31     31   31  31
Training.Intensity  31        31    31       31      31     31   31  31
Perc.Work           31        31    31       31      31     31   31  31
Perc.Rest           31        31    31       31      31     31   31  31
Day.Total           31        31    31       31      31     31   31  31
Day.Work            31        31    31       31      31     31   31  31
O6                  31        31    31       31      31     31   31  31
O3                  31        31    31       31      31     31   31  31
O6.O3               31        31    31       31      31     31   31  31
VitD                31        31    31       31      31     31   31  31
Se.ug               31        31    31       31      31     31   31  31
Zn.mg               31        31    31       31      31     31   31  31
Na.mg               31        31    31       31      31     31   31  31
Ca.mg               31        31    31       31      31     31   31  31
Mg.mg               31        31    31       31      31     31   31  31
K.mg                31        31    31       31      31     31   31  31
Elec.Net            31        31    31       31      31     31   31  31
Na.K                31        31    31       31      31     31   31  31
IGF.1               27        27    27       27      27     27   27  27
MAP                 31        31    31       31      31     31   31  31
CVL                 31        31    31       31      31     31   31  31
Caff.Dose           31        31    31       31      31     31   31  31
Caff.Time           31        31    31       31      31     31   31  31
Caff.Ratio          31        31    31       31      31     31   31  31
Kb.Load             31        31    31       31      31     31   31  31
Kb.Time             31        31    31       31      31     31   31  31
Kb.Weight           31        31    31       31      31     31   31  31
Protein             31        31    31       31      31     31   31  31
Fat                 31        31    31       31      31     31   31  31
Fat.Protein         31        31    31       31      31     31   31  31
Blood.Sugar         31        31    31       31      31     31   31  31
Ketones             31        31    31       31      31     31   31  31
Fasted              31        31    31       31      31     31   31  31
                   Cold.Time Training.Load Training.Time Training.Intensity
RHR                       31            31            31                 31
Sleep.Rtn                 31            31            31                 31
Sleep                     31            31            31                 31
Soreness                  31            31            31                 31
Fatigue                   31            31            31                 31
Stress                    31            31            31                 31
Mood                      31            31            31                 31
AWQ                       31            31            31                 31
Cold.Time                 31            31            31                 31
Training.Load             31            31            31                 31
Training.Time             31            31            31                 31
Training.Intensity        31            31            31                 31
Perc.Work                 31            31            31                 31
Perc.Rest                 31            31            31                 31
Day.Total                 31            31            31                 31
Day.Work                  31            31            31                 31
O6                        31            31            31                 31
O3                        31            31            31                 31
O6.O3                     31            31            31                 31
VitD                      31            31            31                 31
Se.ug                     31            31            31                 31
Zn.mg                     31            31            31                 31
Na.mg                     31            31            31                 31
Ca.mg                     31            31            31                 31
Mg.mg                     31            31            31                 31
K.mg                      31            31            31                 31
Elec.Net                  31            31            31                 31
Na.K                      31            31            31                 31
IGF.1                     27            27            27                 27
MAP                       31            31            31                 31
CVL                       31            31            31                 31
Caff.Dose                 31            31            31                 31
Caff.Time                 31            31            31                 31
Caff.Ratio                31            31            31                 31
Kb.Load                   31            31            31                 31
Kb.Time                   31            31            31                 31
Kb.Weight                 31            31            31                 31
Protein                   31            31            31                 31
Fat                       31            31            31                 31
Fat.Protein               31            31            31                 31
Blood.Sugar               31            31            31                 31
Ketones                   31            31            31                 31
Fasted                    31            31            31                 31
                   Perc.Work Perc.Rest Day.Total Day.Work O6 O3 O6.O3 VitD
RHR                       31        31        31       31 31 31    31   31
Sleep.Rtn                 31        31        31       31 31 31    31   31
Sleep                     31        31        31       31 31 31    31   31
Soreness                  31        31        31       31 31 31    31   31
Fatigue                   31        31        31       31 31 31    31   31
Stress                    31        31        31       31 31 31    31   31
Mood                      31        31        31       31 31 31    31   31
AWQ                       31        31        31       31 31 31    31   31
Cold.Time                 31        31        31       31 31 31    31   31
Training.Load             31        31        31       31 31 31    31   31
Training.Time             31        31        31       31 31 31    31   31
Training.Intensity        31        31        31       31 31 31    31   31
Perc.Work                 31        31        31       31 31 31    31   31
Perc.Rest                 31        31        31       31 31 31    31   31
Day.Total                 31        31        31       31 31 31    31   31
Day.Work                  31        31        31       31 31 31    31   31
O6                        31        31        31       31 31 31    31   31
O3                        31        31        31       31 31 31    31   31
O6.O3                     31        31        31       31 31 31    31   31
VitD                      31        31        31       31 31 31    31   31
Se.ug                     31        31        31       31 31 31    31   31
Zn.mg                     31        31        31       31 31 31    31   31
Na.mg                     31        31        31       31 31 31    31   31
Ca.mg                     31        31        31       31 31 31    31   31
Mg.mg                     31        31        31       31 31 31    31   31
K.mg                      31        31        31       31 31 31    31   31
Elec.Net                  31        31        31       31 31 31    31   31
Na.K                      31        31        31       31 31 31    31   31
IGF.1                     27        27        27       27 27 27    27   27
MAP                       31        31        31       31 31 31    31   31
CVL                       31        31        31       31 31 31    31   31
Caff.Dose                 31        31        31       31 31 31    31   31
Caff.Time                 31        31        31       31 31 31    31   31
Caff.Ratio                31        31        31       31 31 31    31   31
Kb.Load                   31        31        31       31 31 31    31   31
Kb.Time                   31        31        31       31 31 31    31   31
Kb.Weight                 31        31        31       31 31 31    31   31
Protein                   31        31        31       31 31 31    31   31
Fat                       31        31        31       31 31 31    31   31
Fat.Protein               31        31        31       31 31 31    31   31
Blood.Sugar               31        31        31       31 31 31    31   31
Ketones                   31        31        31       31 31 31    31   31
Fasted                    31        31        31       31 31 31    31   31
                   Se.ug Zn.mg Na.mg Ca.mg Mg.mg K.mg Elec.Net Na.K IGF.1 MAP
RHR                   31    31    31    31    31   31       31   31    27  31
Sleep.Rtn             31    31    31    31    31   31       31   31    27  31
Sleep                 31    31    31    31    31   31       31   31    27  31
Soreness              31    31    31    31    31   31       31   31    27  31
Fatigue               31    31    31    31    31   31       31   31    27  31
Stress                31    31    31    31    31   31       31   31    27  31
Mood                  31    31    31    31    31   31       31   31    27  31
AWQ                   31    31    31    31    31   31       31   31    27  31
Cold.Time             31    31    31    31    31   31       31   31    27  31
Training.Load         31    31    31    31    31   31       31   31    27  31
Training.Time         31    31    31    31    31   31       31   31    27  31
Training.Intensity    31    31    31    31    31   31       31   31    27  31
Perc.Work             31    31    31    31    31   31       31   31    27  31
Perc.Rest             31    31    31    31    31   31       31   31    27  31
Day.Total             31    31    31    31    31   31       31   31    27  31
Day.Work              31    31    31    31    31   31       31   31    27  31
O6                    31    31    31    31    31   31       31   31    27  31
O3                    31    31    31    31    31   31       31   31    27  31
O6.O3                 31    31    31    31    31   31       31   31    27  31
VitD                  31    31    31    31    31   31       31   31    27  31
Se.ug                 31    31    31    31    31   31       31   31    27  31
Zn.mg                 31    31    31    31    31   31       31   31    27  31
Na.mg                 31    31    31    31    31   31       31   31    27  31
Ca.mg                 31    31    31    31    31   31       31   31    27  31
Mg.mg                 31    31    31    31    31   31       31   31    27  31
K.mg                  31    31    31    31    31   31       31   31    27  31
Elec.Net              31    31    31    31    31   31       31   31    27  31
Na.K                  31    31    31    31    31   31       31   31    27  31
IGF.1                 27    27    27    27    27   27       27   27    27  27
MAP                   31    31    31    31    31   31       31   31    27  31
CVL                   31    31    31    31    31   31       31   31    27  31
Caff.Dose             31    31    31    31    31   31       31   31    27  31
Caff.Time             31    31    31    31    31   31       31   31    27  31
Caff.Ratio            31    31    31    31    31   31       31   31    27  31
Kb.Load               31    31    31    31    31   31       31   31    27  31
Kb.Time               31    31    31    31    31   31       31   31    27  31
Kb.Weight             31    31    31    31    31   31       31   31    27  31
Protein               31    31    31    31    31   31       31   31    27  31
Fat                   31    31    31    31    31   31       31   31    27  31
Fat.Protein           31    31    31    31    31   31       31   31    27  31
Blood.Sugar           31    31    31    31    31   31       31   31    27  31
Ketones               31    31    31    31    31   31       31   31    27  31
Fasted                31    31    31    31    31   31       31   31    27  31
                   CVL Caff.Dose Caff.Time Caff.Ratio Kb.Load Kb.Time Kb.Weight
RHR                 31        31        31         31      31      31        31
Sleep.Rtn           31        31        31         31      31      31        31
Sleep               31        31        31         31      31      31        31
Soreness            31        31        31         31      31      31        31
Fatigue             31        31        31         31      31      31        31
Stress              31        31        31         31      31      31        31
Mood                31        31        31         31      31      31        31
AWQ                 31        31        31         31      31      31        31
Cold.Time           31        31        31         31      31      31        31
Training.Load       31        31        31         31      31      31        31
Training.Time       31        31        31         31      31      31        31
Training.Intensity  31        31        31         31      31      31        31
Perc.Work           31        31        31         31      31      31        31
Perc.Rest           31        31        31         31      31      31        31
Day.Total           31        31        31         31      31      31        31
Day.Work            31        31        31         31      31      31        31
O6                  31        31        31         31      31      31        31
O3                  31        31        31         31      31      31        31
O6.O3               31        31        31         31      31      31        31
VitD                31        31        31         31      31      31        31
Se.ug               31        31        31         31      31      31        31
Zn.mg               31        31        31         31      31      31        31
Na.mg               31        31        31         31      31      31        31
Ca.mg               31        31        31         31      31      31        31
Mg.mg               31        31        31         31      31      31        31
K.mg                31        31        31         31      31      31        31
Elec.Net            31        31        31         31      31      31        31
Na.K                31        31        31         31      31      31        31
IGF.1               27        27        27         27      27      27        27
MAP                 31        31        31         31      31      31        31
CVL                 31        31        31         31      31      31        31
Caff.Dose           31        31        31         31      31      31        31
Caff.Time           31        31        31         31      31      31        31
Caff.Ratio          31        31        31         31      31      31        31
Kb.Load             31        31        31         31      31      31        31
Kb.Time             31        31        31         31      31      31        31
Kb.Weight           31        31        31         31      31      31        31
Protein             31        31        31         31      31      31        31
Fat                 31        31        31         31      31      31        31
Fat.Protein         31        31        31         31      31      31        31
Blood.Sugar         31        31        31         31      31      31        31
Ketones             31        31        31         31      31      31        31
Fasted              31        31        31         31      31      31        31
                   Protein Fat Fat.Protein Blood.Sugar Ketones Fasted
RHR                     31  31          31          31      31     31
Sleep.Rtn               31  31          31          31      31     31
Sleep                   31  31          31          31      31     31
Soreness                31  31          31          31      31     31
Fatigue                 31  31          31          31      31     31
Stress                  31  31          31          31      31     31
Mood                    31  31          31          31      31     31
AWQ                     31  31          31          31      31     31
Cold.Time               31  31          31          31      31     31
Training.Load           31  31          31          31      31     31
Training.Time           31  31          31          31      31     31
Training.Intensity      31  31          31          31      31     31
Perc.Work               31  31          31          31      31     31
Perc.Rest               31  31          31          31      31     31
Day.Total               31  31          31          31      31     31
Day.Work                31  31          31          31      31     31
O6                      31  31          31          31      31     31
O3                      31  31          31          31      31     31
O6.O3                   31  31          31          31      31     31
VitD                    31  31          31          31      31     31
Se.ug                   31  31          31          31      31     31
Zn.mg                   31  31          31          31      31     31
Na.mg                   31  31          31          31      31     31
Ca.mg                   31  31          31          31      31     31
Mg.mg                   31  31          31          31      31     31
K.mg                    31  31          31          31      31     31
Elec.Net                31  31          31          31      31     31
Na.K                    31  31          31          31      31     31
IGF.1                   27  27          27          27      27     27
MAP                     31  31          31          31      31     31
CVL                     31  31          31          31      31     31
Caff.Dose               31  31          31          31      31     31
Caff.Time               31  31          31          31      31     31
Caff.Ratio              31  31          31          31      31     31
Kb.Load                 31  31          31          31      31     31
Kb.Time                 31  31          31          31      31     31
Kb.Weight               31  31          31          31      31     31
Protein                 31  31          31          31      31     31
Fat                     31  31          31          31      31     31
Fat.Protein             31  31          31          31      31     31
Blood.Sugar             31  31          31          31      31     31
Ketones                 31  31          31          31      31     31
Fasted                  31  31          31          31      31     31

P
                   RHR    Sleep.Rtn Sleep  Soreness Fatigue Stress Mood  
RHR                       0.1939    0.2258 0.1261   0.6615  0.3459 0.2583
Sleep.Rtn          0.1939           0.0022 0.1608   0.6711  0.0009 0.0035
Sleep              0.2258 0.0022           0.1907   0.0186  0.0055 0.4522
Soreness           0.1261 0.1608    0.1907          0.8447  0.0910 0.3383
Fatigue            0.6615 0.6711    0.0186 0.8447           0.0815 0.3447
Stress             0.3459 0.0009    0.0055 0.0910   0.0815         0.0118
Mood               0.2583 0.0035    0.4522 0.3383   0.3447  0.0118       
AWQ                0.2571 0.0000    0.0018 0.8605   0.4922  0.0045 0.0037
Cold.Time          0.4925 0.9132    0.7834 0.1928   0.1426  0.8421 0.4072
Training.Load      0.0075 0.0272    0.7933 0.0001   0.5237  0.3413 0.3000
Training.Time      0.0224 0.0018    0.4262 0.0001   0.7301  0.1135 0.1017
Training.Intensity 0.0209 0.1143    0.6471 0.2986   0.4139  0.1294 0.0066
Perc.Work          0.3553 0.0000    0.0621 0.6136   0.3330  0.0002 0.0000
Perc.Rest          0.3553 0.0000    0.0621 0.6136   0.3330  0.0002 0.0000
Day.Total          0.3551 0.0000    0.0083 0.0709   0.6647  0.0008 0.0007
Day.Work           0.3514 0.0000    0.0068 0.0796   0.6800  0.0007 0.0007
O6                 0.4633 0.0023    0.3698 0.1648   0.4770  0.3929 0.6394
O3                 0.5544 0.5488    0.1726 0.8869   0.6579  0.5759 0.3604
O6.O3              0.3093 0.0328    0.0187 0.3422   0.6761  0.1431 0.1968
VitD               0.3270 0.3804    0.6161 0.0913   0.5403  0.8438 0.5315
Se.ug              0.1382 0.0058    0.0938 0.6214   0.3401  0.0473 0.0692
Zn.mg              0.3390 0.0084    0.0946 0.1665   0.9386  0.0016 0.0274
Na.mg              0.3400 0.8592    0.0990 0.0019   0.1191  0.4192 0.6623
Ca.mg              0.6227 0.6001    0.7180 0.0847   0.6720  0.9668 0.1446
Mg.mg              0.7988 0.4443    0.4824 0.7744   0.8852  0.3812 0.4360
K.mg               0.9318 0.2975    0.3797 0.7896   0.6537  0.5143 0.5509
Elec.Net           0.3586 0.6699    0.4751 0.0110   0.1133  0.8988 0.6313
Na.K               0.6070 0.6380    0.3960 0.2650   0.7344  0.3027 0.7340
IGF.1              0.0720 0.2389    0.2236 0.9650   0.9737  0.0717 0.3974
MAP                0.0440 0.2723    0.8483 0.6521   0.7216  0.6730 0.0384
CVL                0.0000 0.4263    0.2407 0.1507   0.7972  0.4558 0.8895
Caff.Dose          0.6332 0.0048    0.0836 0.5734   0.2196  0.0399 0.9046
Caff.Time          0.0720 0.0880    0.3950 0.7533   0.7676  0.6729 0.4894
Caff.Ratio         0.7765 0.1790    0.2263 0.5577   0.3555  0.0425 0.4605
Kb.Load            0.0411 0.0156    0.1641 0.8982   0.6410  0.1254 0.0035
Kb.Time            0.9314 0.0042    0.6563 0.0818   0.8458  0.0518 0.0236
Kb.Weight          0.2126 0.3240    0.2389 0.4376   0.8074  0.5945 0.2077
Protein            0.4052 0.0081    0.3201 0.3954   0.4146  0.2216 0.4365
Fat                0.9606 0.0186    0.0812 0.7691   0.3761  0.2357 0.0131
Fat.Protein        0.2416 0.0096    0.2216 0.6194   0.9836  0.1376 0.0238
Blood.Sugar        0.8844 0.4917    0.0580 0.1337   0.9867  0.1461 0.5308
Ketones            0.1902 0.0000    0.0712 0.9897   0.0960  0.2724 0.3214
Fasted             0.2944 0.0000    0.0068 0.0576   0.3698  0.0000 0.0000
                   AWQ    Cold.Time Training.Load Training.Time
RHR                0.2571 0.4925    0.0075        0.0224       
Sleep.Rtn          0.0000 0.9132    0.0272        0.0018       
Sleep              0.0018 0.7834    0.7933        0.4262       
Soreness           0.8605 0.1928    0.0001        0.0001       
Fatigue            0.4922 0.1426    0.5237        0.7301       
Stress             0.0045 0.8421    0.3413        0.1135       
Mood               0.0037 0.4072    0.3000        0.1017       
AWQ                       0.2777    0.4001        0.1458       
Cold.Time          0.2777           0.5834        0.4756       
Training.Load      0.4001 0.5834                  0.0000       
Training.Time      0.1458 0.4756    0.0000                     
Training.Intensity 0.3077 0.7095    0.0168        0.3299       
Perc.Work          0.0000 0.5966    0.1199        0.0275       
Perc.Rest          0.0000 0.5966    0.1199        0.0275       
Day.Total          0.0001 0.7765    0.0131        0.0004       
Day.Work           0.0000 0.7907    0.0138        0.0004       
O6                 0.3833 0.3490    0.1789        0.0755       
O3                 0.1677 0.1885    0.3901        0.5420       
O6.O3              0.1026 0.1601    0.9904        0.7130       
VitD               0.7981 0.6591    0.3252        0.1145       
Se.ug              0.0046 0.7211    0.6345        0.3191       
Zn.mg              0.0580 0.9751    0.1258        0.0559       
Na.mg              0.5232 0.3664    0.0173        0.0239       
Ca.mg              0.3322 0.0820    0.0094        0.0700       
Mg.mg              0.3182 0.9527    0.7432        0.4354       
K.mg               0.1638 0.8898    0.4973        0.2941       
Elec.Net           0.8485 0.2177    0.0483        0.1577       
Na.K               0.8711 0.9961    0.0666        0.0315       
IGF.1              0.1608 0.8506    0.9306        0.5769       
MAP                0.8322 0.8824    0.4795        0.9348       
CVL                0.2842 0.3861    0.0165        0.0166       
Caff.Dose          0.0251 0.1605    0.4664        0.2139       
Caff.Time          0.0075 0.8107    0.0516        0.0297       
Caff.Ratio         0.7020 0.0601    0.6944        0.5055       
Kb.Load            0.0063 0.0776    0.4310        0.5846       
Kb.Time            0.6682 0.8349    0.0297        0.0011       
Kb.Weight          0.0121 0.2516    0.3143        0.2386       
Protein            0.0014 0.9504    0.8371        0.4559       
Fat                0.0462 0.5547    0.5449        0.1954       
Fat.Protein        0.0051 0.9160    0.9161        0.4251       
Blood.Sugar        0.7254 0.2767    0.2361        0.2950       
Ketones            0.0365 0.2722    0.0915        0.0778       
Fasted             0.0001 0.5476    0.0298        0.0037       
                   Training.Intensity Perc.Work Perc.Rest Day.Total Day.Work
RHR                0.0209             0.3553    0.3553    0.3551    0.3514  
Sleep.Rtn          0.1143             0.0000    0.0000    0.0000    0.0000  
Sleep              0.6471             0.0621    0.0621    0.0083    0.0068  
Soreness           0.2986             0.6136    0.6136    0.0709    0.0796  
Fatigue            0.4139             0.3330    0.3330    0.6647    0.6800  
Stress             0.1294             0.0002    0.0002    0.0008    0.0007  
Mood               0.0066             0.0000    0.0000    0.0007    0.0007  
AWQ                0.3077             0.0000    0.0000    0.0001    0.0000  
Cold.Time          0.7095             0.5966    0.5966    0.7765    0.7907  
Training.Load      0.0168             0.1199    0.1199    0.0131    0.0138  
Training.Time      0.3299             0.0275    0.0275    0.0004    0.0004  
Training.Intensity                    0.0909    0.0909    0.0450    0.0524  
Perc.Work          0.0909                                 0.0000    0.0000  
Perc.Rest          0.0909                                 0.0000    0.0000  
Day.Total          0.0450             0.0000    0.0000              0.0000  
Day.Work           0.0524             0.0000    0.0000    0.0000            
O6                 0.1931             0.5447    0.5447    0.0076    0.0091  
O3                 0.8109             0.9678    0.9678    0.7063    0.7031  
O6.O3              0.1283             0.5500    0.5500    0.0585    0.0614  
VitD               0.7780             0.7025    0.7025    0.3036    0.3063  
Se.ug              0.6389             0.0254    0.0254    0.0278    0.0237  
Zn.mg              0.3865             0.0019    0.0019    0.0060    0.0051  
Na.mg              0.0258             0.8302    0.8302    0.8553    0.8396  
Ca.mg              0.2392             0.6383    0.6383    0.6531    0.6466  
Mg.mg              0.4422             0.7541    0.7541    0.4407    0.4437  
K.mg               0.3364             0.5521    0.5521    0.3438    0.3334  
Elec.Net           0.1998             0.9147    0.9147    0.7008    0.7047  
Na.K               0.3722             0.5602    0.5602    0.4176    0.4337  
IGF.1              0.4453             0.1595    0.1595    0.2935    0.2873  
MAP                0.0043             0.5657    0.5657    0.0912    0.1080  
CVL                0.3776             0.4831    0.4831    0.9253    0.8848  
Caff.Dose          0.6718             0.0371    0.0371    0.0173    0.0140  
Caff.Time          0.4979             0.0617    0.0617    0.1089    0.0956  
Caff.Ratio         0.9046             0.3215    0.3215    0.2836    0.2640  
Kb.Load            0.1187             0.0091    0.0091    0.0141    0.0109  
Kb.Time            0.0042             0.1299    0.1299    0.0002    0.0004  
Kb.Weight          0.6665             0.0616    0.0616    0.5235    0.4319  
Protein            0.6745             0.0244    0.0244    0.0208    0.0168  
Fat                0.0780             0.2043    0.2043    0.0027    0.0032  
Fat.Protein        0.1454             0.0346    0.0346    0.0041    0.0039  
Blood.Sugar        0.3697             0.7857    0.7857    0.6265    0.6236  
Ketones            0.9419             0.0764    0.0764    0.0000    0.0000  
Fasted             0.0961             0.0000    0.0000    0.0000    0.0000  
                   O6     O3     O6.O3  VitD   Se.ug  Zn.mg  Na.mg  Ca.mg 
RHR                0.4633 0.5544 0.3093 0.3270 0.1382 0.3390 0.3400 0.6227
Sleep.Rtn          0.0023 0.5488 0.0328 0.3804 0.0058 0.0084 0.8592 0.6001
Sleep              0.3698 0.1726 0.0187 0.6161 0.0938 0.0946 0.0990 0.7180
Soreness           0.1648 0.8869 0.3422 0.0913 0.6214 0.1665 0.0019 0.0847
Fatigue            0.4770 0.6579 0.6761 0.5403 0.3401 0.9386 0.1191 0.6720
Stress             0.3929 0.5759 0.1431 0.8438 0.0473 0.0016 0.4192 0.9668
Mood               0.6394 0.3604 0.1968 0.5315 0.0692 0.0274 0.6623 0.1446
AWQ                0.3833 0.1677 0.1026 0.7981 0.0046 0.0580 0.5232 0.3322
Cold.Time          0.3490 0.1885 0.1601 0.6591 0.7211 0.9751 0.3664 0.0820
Training.Load      0.1789 0.3901 0.9904 0.3252 0.6345 0.1258 0.0173 0.0094
Training.Time      0.0755 0.5420 0.7130 0.1145 0.3191 0.0559 0.0239 0.0700
Training.Intensity 0.1931 0.8109 0.1283 0.7780 0.6389 0.3865 0.0258 0.2392
Perc.Work          0.5447 0.9678 0.5500 0.7025 0.0254 0.0019 0.8302 0.6383
Perc.Rest          0.5447 0.9678 0.5500 0.7025 0.0254 0.0019 0.8302 0.6383
Day.Total          0.0076 0.7063 0.0585 0.3036 0.0278 0.0060 0.8553 0.6531
Day.Work           0.0091 0.7031 0.0614 0.3063 0.0237 0.0051 0.8396 0.6466
O6                        0.3125 0.0052 0.6553 0.2459 0.3755 0.8786 0.1304
O3                 0.3125        0.0005 0.6399 0.3543 0.6938 0.0818 0.0000
O6.O3              0.0052 0.0005        0.5452 0.1672 0.6471 0.7388 0.0501
VitD               0.6553 0.6399 0.5452        0.5892 0.6893 0.1088 0.2979
Se.ug              0.2459 0.3543 0.1672 0.5892        0.0051 0.6583 0.8570
Zn.mg              0.3755 0.6938 0.6471 0.6893 0.0051        0.5017 0.5707
Na.mg              0.8786 0.0818 0.7388 0.1088 0.6583 0.5017        0.0484
Ca.mg              0.1304 0.0000 0.0501 0.2979 0.8570 0.5707 0.0484       
Mg.mg              0.3786 0.1835 0.2989 0.2803 0.1214 0.3613 0.0658 0.0118
K.mg               0.4350 0.3932 0.2981 0.2635 0.0416 0.0758 0.0436 0.0804
Elec.Net           0.4060 0.0011 0.1337 0.8914 0.3356 0.6215 0.0004 0.0000
Na.K               0.2131 0.5285 0.3143 0.3738 0.3996 0.0356 0.0139 0.2651
IGF.1              0.6754 0.4990 0.7431 0.9633 0.0000 0.0171 0.8897 0.1137
MAP                0.8577 0.7903 0.1780 0.5947 0.6339 0.6095 0.0788 0.2456
CVL                0.4156 0.5742 0.7059 0.1796 0.0565 0.4620 0.8905 0.9075
Caff.Dose          0.1041 0.3230 0.1582 0.8436 0.1966 0.5978 0.8327 0.2233
Caff.Time          0.6030 0.9631 0.4584 0.9492 0.7545 0.5159 0.9232 0.9150
Caff.Ratio         0.3710 0.3505 0.5219 0.4018 0.2635 0.9182 0.8716 0.3428
Kb.Load            0.8059 0.2440 0.1118 0.3013 0.1597 0.2120 0.7937 0.4480
Kb.Time            0.0303 0.6605 0.4265 0.6683 0.9983 0.0967 0.8946 0.9950
Kb.Weight          0.3719 0.2668 0.5554 0.3622 0.0649 0.5188 0.7099 0.6229
Protein            0.5128 0.7727 0.9835 0.1336 0.0030 0.0146 0.5591 0.1676
Fat                0.6499 0.5345 0.2163 0.2512 0.6196 0.7089 0.6281 0.7203
Fat.Protein        0.1040 0.9921 0.7302 0.1497 0.0286 0.0504 0.9405 0.1822
Blood.Sugar        0.4647 0.2753 0.0459 0.4924 0.5824 0.9278 0.1194 0.4011
Ketones            0.2298 0.3842 0.1181 0.8413 0.0904 0.0672 0.3849 0.8077
Fasted             0.0745 0.6468 0.0604 0.5870 0.0272 0.0063 0.6997 0.3625
                   Mg.mg  K.mg   Elec.Net Na.K   IGF.1  MAP    CVL    Caff.Dose
RHR                0.7988 0.9318 0.3586   0.6070 0.0720 0.0440 0.0000 0.6332   
Sleep.Rtn          0.4443 0.2975 0.6699   0.6380 0.2389 0.2723 0.4263 0.0048   
Sleep              0.4824 0.3797 0.4751   0.3960 0.2236 0.8483 0.2407 0.0836   
Soreness           0.7744 0.7896 0.0110   0.2650 0.9650 0.6521 0.1507 0.5734   
Fatigue            0.8852 0.6537 0.1133   0.7344 0.9737 0.7216 0.7972 0.2196   
Stress             0.3812 0.5143 0.8988   0.3027 0.0717 0.6730 0.4558 0.0399   
Mood               0.4360 0.5509 0.6313   0.7340 0.3974 0.0384 0.8895 0.9046   
AWQ                0.3182 0.1638 0.8485   0.8711 0.1608 0.8322 0.2842 0.0251   
Cold.Time          0.9527 0.8898 0.2177   0.9961 0.8506 0.8824 0.3861 0.1605   
Training.Load      0.7432 0.4973 0.0483   0.0666 0.9306 0.4795 0.0165 0.4664   
Training.Time      0.4354 0.2941 0.1577   0.0315 0.5769 0.9348 0.0166 0.2139   
Training.Intensity 0.4422 0.3364 0.1998   0.3722 0.4453 0.0043 0.3776 0.6718   
Perc.Work          0.7541 0.5521 0.9147   0.5602 0.1595 0.5657 0.4831 0.0371   
Perc.Rest          0.7541 0.5521 0.9147   0.5602 0.1595 0.5657 0.4831 0.0371   
Day.Total          0.4407 0.3438 0.7008   0.4176 0.2935 0.0912 0.9253 0.0173   
Day.Work           0.4437 0.3334 0.7047   0.4337 0.2873 0.1080 0.8848 0.0140   
O6                 0.3786 0.4350 0.4060   0.2131 0.6754 0.8577 0.4156 0.1041   
O3                 0.1835 0.3932 0.0011   0.5285 0.4990 0.7903 0.5742 0.3230   
O6.O3              0.2989 0.2981 0.1337   0.3143 0.7431 0.1780 0.7059 0.1582   
VitD               0.2803 0.2635 0.8914   0.3738 0.9633 0.5947 0.1796 0.8436   
Se.ug              0.1214 0.0416 0.3356   0.3996 0.0000 0.6339 0.0565 0.1966   
Zn.mg              0.3613 0.0758 0.6215   0.0356 0.0171 0.6095 0.4620 0.5978   
Na.mg              0.0658 0.0436 0.0004   0.0139 0.8897 0.0788 0.8905 0.8327   
Ca.mg              0.0118 0.0804 0.0000   0.2651 0.1137 0.2456 0.9075 0.2233   
Mg.mg                     0.0000 0.0021   0.0001 0.0002 0.7198 0.9542 0.8005   
K.mg               0.0000        0.0040   0.0000 0.0000 0.8643 0.8705 0.8822   
Elec.Net           0.0021 0.0040          0.2942 0.0110 0.1245 0.8582 0.5547   
Na.K               0.0001 0.0000 0.2942          0.0232 0.7690 0.4662 0.5073   
IGF.1              0.0002 0.0000 0.0110   0.0232        0.4469 0.1234 0.6527   
MAP                0.7198 0.8643 0.1245   0.7690 0.4469        0.4706 0.6031   
CVL                0.9542 0.8705 0.8582   0.4662 0.1234 0.4706        0.8075   
Caff.Dose          0.8005 0.8822 0.5547   0.5073 0.6527 0.6031 0.8075          
Caff.Time          0.5013 0.2875 0.5063   0.3646 0.3912 0.9052 0.0620 0.0008   
Caff.Ratio         0.8483 0.6424 0.9454   0.5755 0.7060 0.2173 0.7059 0.0000   
Kb.Load            0.8410 0.6064 0.7404   0.2264 0.8354 0.1682 0.1545 0.8278   
Kb.Time            0.7450 0.9393 0.8654   0.0849 0.4900 0.0256 0.2672 0.7500   
Kb.Weight          0.4278 0.1963 0.6576   0.2934 0.6290 0.8027 0.1280 0.9716   
Protein            0.0008 0.0000 0.0126   0.0503 0.0106 0.4963 0.5825 0.1535   
Fat                0.5803 0.5063 0.3591   0.2887 0.3891 0.0168 0.1988 0.4943   
Fat.Protein        0.0130 0.0049 0.0205   0.0447 0.0252 0.0121 0.9960 0.9706   
Blood.Sugar        0.2628 0.2048 0.0197   0.3321 0.6695 0.5161 0.6292 0.0178   
Ketones            0.2671 0.1103 0.0936   0.3335 0.3777 0.1101 0.5307 0.1647   
Fasted             0.3790 0.3539 0.9169   0.4428 0.3060 0.1896 0.6832 0.1083   
                   Caff.Time Caff.Ratio Kb.Load Kb.Time Kb.Weight Protein
RHR                0.0720    0.7765     0.0411  0.9314  0.2126    0.4052 
Sleep.Rtn          0.0880    0.1790     0.0156  0.0042  0.3240    0.0081 
Sleep              0.3950    0.2263     0.1641  0.6563  0.2389    0.3201 
Soreness           0.7533    0.5577     0.8982  0.0818  0.4376    0.3954 
Fatigue            0.7676    0.3555     0.6410  0.8458  0.8074    0.4146 
Stress             0.6729    0.0425     0.1254  0.0518  0.5945    0.2216 
Mood               0.4894    0.4605     0.0035  0.0236  0.2077    0.4365 
AWQ                0.0075    0.7020     0.0063  0.6682  0.0121    0.0014 
Cold.Time          0.8107    0.0601     0.0776  0.8349  0.2516    0.9504 
Training.Load      0.0516    0.6944     0.4310  0.0297  0.3143    0.8371 
Training.Time      0.0297    0.5055     0.5846  0.0011  0.2386    0.4559 
Training.Intensity 0.4979    0.9046     0.1187  0.0042  0.6665    0.6745 
Perc.Work          0.0617    0.3215     0.0091  0.1299  0.0616    0.0244 
Perc.Rest          0.0617    0.3215     0.0091  0.1299  0.0616    0.0244 
Day.Total          0.1089    0.2836     0.0141  0.0002  0.5235    0.0208 
Day.Work           0.0956    0.2640     0.0109  0.0004  0.4319    0.0168 
O6                 0.6030    0.3710     0.8059  0.0303  0.3719    0.5128 
O3                 0.9631    0.3505     0.2440  0.6605  0.2668    0.7727 
O6.O3              0.4584    0.5219     0.1118  0.4265  0.5554    0.9835 
VitD               0.9492    0.4018     0.3013  0.6683  0.3622    0.1336 
Se.ug              0.7545    0.2635     0.1597  0.9983  0.0649    0.0030 
Zn.mg              0.5159    0.9182     0.2120  0.0967  0.5188    0.0146 
Na.mg              0.9232    0.8716     0.7937  0.8946  0.7099    0.5591 
Ca.mg              0.9150    0.3428     0.4480  0.9950  0.6229    0.1676 
Mg.mg              0.5013    0.8483     0.8410  0.7450  0.4278    0.0008 
K.mg               0.2875    0.6424     0.6064  0.9393  0.1963    0.0000 
Elec.Net           0.5063    0.9454     0.7404  0.8654  0.6576    0.0126 
Na.K               0.3646    0.5755     0.2264  0.0849  0.2934    0.0503 
IGF.1              0.3912    0.7060     0.8354  0.4900  0.6290    0.0106 
MAP                0.9052    0.2173     0.1682  0.0256  0.8027    0.4963 
CVL                0.0620    0.7059     0.1545  0.2672  0.1280    0.5825 
Caff.Dose          0.0008    0.0000     0.8278  0.7500  0.9716    0.1535 
Caff.Time                    0.4270     0.9586  0.7932  0.6354    0.0988 
Caff.Ratio         0.4270               0.2535  0.8367  0.4088    0.7597 
Kb.Load            0.9586    0.2535             0.4428  0.0000    0.0142 
Kb.Time            0.7932    0.8367     0.4428          0.0006    0.9350 
Kb.Weight          0.6354    0.4088     0.0000  0.0006            0.0059 
Protein            0.0988    0.7597     0.0142  0.9350  0.0059           
Fat                0.4482    0.1639     0.0177  0.0344  0.3401    0.1966 
Fat.Protein        0.3884    0.3979     0.0022  0.2666  0.0242    0.0000 
Blood.Sugar        0.2305    0.0166     0.0700  0.6694  0.0802    0.2303 
Ketones            0.2065    0.4225     0.0332  0.1577  0.1982    0.0030 
Fasted             0.4643    0.3769     0.0171  0.0012  0.4881    0.0332 
                   Fat    Fat.Protein Blood.Sugar Ketones Fasted
RHR                0.9606 0.2416      0.8844      0.1902  0.2944
Sleep.Rtn          0.0186 0.0096      0.4917      0.0000  0.0000
Sleep              0.0812 0.2216      0.0580      0.0712  0.0068
Soreness           0.7691 0.6194      0.1337      0.9897  0.0576
Fatigue            0.3761 0.9836      0.9867      0.0960  0.3698
Stress             0.2357 0.1376      0.1461      0.2724  0.0000
Mood               0.0131 0.0238      0.5308      0.3214  0.0000
AWQ                0.0462 0.0051      0.7254      0.0365  0.0001
Cold.Time          0.5547 0.9160      0.2767      0.2722  0.5476
Training.Load      0.5449 0.9161      0.2361      0.0915  0.0298
Training.Time      0.1954 0.4251      0.2950      0.0778  0.0037
Training.Intensity 0.0780 0.1454      0.3697      0.9419  0.0961
Perc.Work          0.2043 0.0346      0.7857      0.0764  0.0000
Perc.Rest          0.2043 0.0346      0.7857      0.0764  0.0000
Day.Total          0.0027 0.0041      0.6265      0.0000  0.0000
Day.Work           0.0032 0.0039      0.6236      0.0000  0.0000
O6                 0.6499 0.1040      0.4647      0.2298  0.0745
O3                 0.5345 0.9921      0.2753      0.3842  0.6468
O6.O3              0.2163 0.7302      0.0459      0.1181  0.0604
VitD               0.2512 0.1497      0.4924      0.8413  0.5870
Se.ug              0.6196 0.0286      0.5824      0.0904  0.0272
Zn.mg              0.7089 0.0504      0.9278      0.0672  0.0063
Na.mg              0.6281 0.9405      0.1194      0.3849  0.6997
Ca.mg              0.7203 0.1822      0.4011      0.8077  0.3625
Mg.mg              0.5803 0.0130      0.2628      0.2671  0.3790
K.mg               0.5063 0.0049      0.2048      0.1103  0.3539
Elec.Net           0.3591 0.0205      0.0197      0.0936  0.9169
Na.K               0.2887 0.0447      0.3321      0.3335  0.4428
IGF.1              0.3891 0.0252      0.6695      0.3777  0.3060
MAP                0.0168 0.0121      0.5161      0.1101  0.1896
CVL                0.1988 0.9960      0.6292      0.5307  0.6832
Caff.Dose          0.4943 0.9706      0.0178      0.1647  0.1083
Caff.Time          0.4482 0.3884      0.2305      0.2065  0.4643
Caff.Ratio         0.1639 0.3979      0.0166      0.4225  0.3769
Kb.Load            0.0177 0.0022      0.0700      0.0332  0.0171
Kb.Time            0.0344 0.2666      0.6694      0.1577  0.0012
Kb.Weight          0.3401 0.0242      0.0802      0.1982  0.4881
Protein            0.1966 0.0000      0.2303      0.0030  0.0332
Fat                       0.0000      0.4160      0.0246  0.0160
Fat.Protein        0.0000             0.1412      0.0014  0.0079
Blood.Sugar        0.4160 0.1412                  0.9992  0.6451
Ketones            0.0246 0.0014      0.9992              0.0012
Fasted             0.0160 0.0079      0.6451      0.0012        
png 
  3 
X11cairo 
       2 
null device 
          1 
png 
  3 
X11cairo 
       2 
null device 
          1 
png 
  3 
X11cairo 
       2 
null device 
          1 
png 
  3 
X11cairo 
       2 
null device 
          1 
